14 1998626
AHL-0 0 0.034079919697 0.105199876577 0.047170774732 0.06503429571 0.032182240666 0.432569516471 0.062662156202 0.105224109349 0.435296473284 0.632328998147 0.456056777541 0.462630467412 0.454887247455
AIS-0 0.034079919697 0 0.091135833488 0.030101595864 0.049317103578 0.013379390652 0.451242557139 0.046857147887 0.091188241154 0.451749383619 0.632295025039 0.468016411498 0.474604442255 0.466909846753
AMH_1a-0 0.105199876577 0.091135833488 0 0.095086672345 0.091825430381 0.089740115633 0.464710035519 0.091714153196 0.021744663066 0.465185194286 0.644675949439 0.482219609197 0.487871518739 0.480929324983
BFH-0 0.047170774732 0.030101595864 0.095086672345 0 0.052769558899 0.029147015778 0.454362978003 0.050143190813 0.094944144478 0.454710180268 0.634891628507 0.471291703028 0.477506409439 0.470057466497
BMC_2a-0 0.06503429571 0.049317103578 0.091825430381 0.052769558899 0 0.047671317718 0.45522265728 0.043910826173 0.091708235784 0.455404716095 0.634851044351 0.471732872208 0.478088170534 0.470668058063
BPK-0 0.032182240666 0.013379390652 0.089740115633 0.029147015778 0.047671317718 0 0.450293774285 0.046554017669 0.089652909771 0.450793608493 0.631210261423 0.466927030379 0.47363134837 0.465879775628
CBS432-0 0.432569516471 0.451242557139 0.464710035519 0.454362978003 0.45522265728 0.450293774285 0 0.453455010014 0.464507355783 0.068543062693 0.640557053012 0.188279667743 0.192826077139 0.186086958309
CMF-0 0.062662156202 0.046857147887 0.091714153196 0.050143190813 0.043910826173 0.046554017669 0.453455010014 0 0.091622852963 0.453776726714 0.633619789451 0.470244506518 0.47661808728 0.469034805171
JXXY161-0 0.105224109349 0.091188241154 0.021744663066 0.094944144478 0.091708235784 0.089652909771 0.464507355783 0.091622852963 0 0.464923875387 0.644598005983 0.481951077597 0.487402367664 0.480702001229
N44-0 0.435296473284 0.451749383619 0.465185194286 0.454710180268 0.455404716095 0.450793608493 0.068543062693 0.453776726714 0.464923875387 0 0.64009164612 0.185596816112 0.190226749549 0.183206542534
NCYC3947-0 0.632328998147 0.632295025039 0.644675949439 0.634891628507 0.634851044351 0.631210261423 0.640557053012 0.633619789451 0.644598005983 0.64009164612 0 0.653207187653 0.659063930395 0.652194990315
UFRJ50816-0 0.456056777541 0.468016411498 0.482219609197 0.471291703028 0.471732872208 0.466927030379 0.188279667743 0.470244506518 0.481951077597 0.185596816112 0.653207187653 0 0.132342043189 0.023808034737
UWOPS919171-0 0.462630467412 0.474604442255 0.487871518739 0.477506409439 0.478088170534 0.47363134837 0.192826077139 0.47661808728 0.487402367664 0.190226749549 0.659063930395 0.132342043189 0 0.130152780548
YPS138-0 0.454887247455 0.466909846753 0.480929324983 0.470057466497 0.470668058063 0.465879775628 0.186086958309 0.469034805171 0.480702001229 0.183206542534 0.652194990315 0.023808034737 0.130152780548 0
