14 179449
AHL-0 0 0.042395060938 0.102046268166 0.060824425142 0.069057455875 0.044505255399 0.403016358991 0.074316780967 0.104172690664 0.408675083328 0.516851556748 0.434659775473 0.438342661933 0.433580853395
AIS-0 0.042395060938 0 0.085982512503 0.04295753442 0.051155540402 0.019072146178 0.421191781419 0.057000920171 0.088214634574 0.421832267167 0.511945721433 0.437957287498 0.441733112368 0.437109062345
AMH_1a-0 0.102046268166 0.085982512503 0 0.096229851029 0.087277416239 0.087479029301 0.444500836071 0.094473266833 0.024971917296 0.444914269898 0.5244349948 0.460883208001 0.464660227993 0.460086974139
BFH-0 0.060824425142 0.04295753442 0.096229851029 0 0.061432274436 0.04582568305 0.430930290463 0.066015751232 0.098330692497 0.430844490667 0.519010921379 0.447377802375 0.451129100405 0.446384411809
BMC_2a-0 0.069057455875 0.051155540402 0.087277416239 0.061432274436 0 0.053093742106 0.427273663692 0.053138888099 0.089506167752 0.427442209544 0.514797136304 0.443632690335 0.447410752845 0.442689285519
BPK-0 0.044505255399 0.019072146178 0.087479029301 0.04582568305 0.053093742106 0 0.419961343645 0.06013030335 0.089453728442 0.420647185215 0.510679255661 0.436662933549 0.440629192747 0.435656659469
CBS432-0 0.403016358991 0.421191781419 0.444500836071 0.430930290463 0.427273663692 0.419961343645 0 0.430070331848 0.444837624284 0.16282764559 0.61044512873 0.359774887104 0.370065238706 0.357808607236
CMF-0 0.074316780967 0.057000920171 0.094473266833 0.066015751232 0.053138888099 0.06013030335 0.430070331848 0 0.096172787281 0.430378425084 0.515525692013 0.445964530338 0.449470497435 0.444843043567
JXXY161-0 0.104172690664 0.088214634574 0.024971917296 0.098330692497 0.089506167752 0.089453728442 0.444837624284 0.096172787281 0 0.444983347075 0.524692915529 0.461348916793 0.464885076831 0.460701250625
N44-0 0.408675083328 0.421832267167 0.444914269898 0.430844490667 0.427442209544 0.420647185215 0.16282764559 0.430378425084 0.444983347075 0 0.610150435042 0.356008246116 0.365402396972 0.354099327882
NCYC3947-0 0.516851556748 0.511945721433 0.5244349948 0.519010921379 0.514797136304 0.510679255661 0.61044512873 0.515525692013 0.524692915529 0.610150435042 0 0.623540984973 0.629903908157 0.62136342537
UFRJ50816-0 0.434659775473 0.437957287498 0.460883208001 0.447377802375 0.443632690335 0.436662933549 0.359774887104 0.445964530338 0.461348916793 0.356008246116 0.623540984973 0 0.281710636258 0.059977070535
UWOPS919171-0 0.438342661933 0.441733112368 0.464660227993 0.451129100405 0.447410752845 0.440629192747 0.370065238706 0.449470497435 0.464885076831 0.365402396972 0.629903908157 0.281710636258 0 0.279596082058
YPS138-0 0.433580853395 0.437109062345 0.460086974139 0.446384411809 0.442689285519 0.435656659469 0.357808607236 0.444843043567 0.460701250625 0.354099327882 0.62136342537 0.059977070535 0.279596082058 0
