14 125795
AHL-0 0 0.047470186166 0.119482410371 0.070336230637 0.081395141194 0.045423927972 0.347878689388 0.080380633257 0.119163097071 0.351282235857 0.564216872008 0.367911470427 0.370731234525 0.36730012476
AIS-0 0.047470186166 0 0.107945091932 0.056016818632 0.06798283982 0.0272160688 0.362791543104 0.06806429499 0.108191175954 0.363992594996 0.563653292957 0.375384768357 0.377969130793 0.374689541729
AMH_1a-0 0.119482410371 0.107945091932 0 0.119692296905 0.110506768679 0.107275654712 0.390378843584 0.113739037778 0.044046930257 0.391547763684 0.5861560995 0.402289988397 0.404929460322 0.401702253282
BFH-0 0.070336230637 0.056016818632 0.119692296905 0 0.079073175745 0.055867579675 0.372632650556 0.078550963133 0.119086072266 0.373296891979 0.572033671793 0.384714964711 0.386842849535 0.3839762961
BMC_2a-0 0.081395141194 0.06798283982 0.110506768679 0.079073175745 0 0.066573632341 0.371841350281 0.067420232403 0.110033191164 0.372729049106 0.568580219511 0.383533027456 0.385867807458 0.382942617325
BPK-0 0.045423927972 0.0272160688 0.107275654712 0.055867579675 0.066573632341 0 0.363213586713 0.068450452332 0.106410371684 0.364250919281 0.561673683908 0.375342280893 0.377841046313 0.374789924556
CBS432-0 0.347878689388 0.362791543104 0.390378843584 0.372632650556 0.371841350281 0.363213586713 0 0.371374219713 0.389240496178 0.087853421179 0.638047088339 0.214086110533 0.217233005443 0.211451995415
CMF-0 0.080380633257 0.06806429499 0.113739037778 0.078550963133 0.067420232403 0.068450452332 0.371374219713 0 0.113177437114 0.372315908216 0.569000586649 0.383498991827 0.386011316549 0.382331201403
JXXY161-0 0.119163097071 0.108191175954 0.044046930257 0.119086072266 0.110033191164 0.106410371684 0.389240496178 0.113177437114 0 0.390144791624 0.585981127644 0.401334214452 0.403840077037 0.400901829081
N44-0 0.351282235857 0.363992594996 0.391547763684 0.373296891979 0.372729049106 0.364250919281 0.087853421179 0.372315908216 0.390144791624 0 0.638220660665 0.211778962086 0.214407099168 0.209358181613
NCYC3947-0 0.564216872008 0.563653292957 0.5861560995 0.572033671793 0.568580219511 0.561673683908 0.638047088339 0.569000586649 0.585981127644 0.638220660665 0 0.646661700413 0.649739282793 0.645795638347
UFRJ50816-0 0.367911470427 0.375384768357 0.402289988397 0.384714964711 0.383533027456 0.375342280893 0.214086110533 0.383498991827 0.401334214452 0.211778962086 0.646661700413 0 0.154433395887 0.032558363542
UWOPS919171-0 0.370731234525 0.377969130793 0.404929460322 0.386842849535 0.385867807458 0.377841046313 0.217233005443 0.386011316549 0.403840077037 0.214407099168 0.649739282793 0.154433395887 0 0.152319142503
YPS138-0 0.36730012476 0.374689541729 0.401702253282 0.3839762961 0.382942617325 0.374789924556 0.211451995415 0.382331201403 0.400901829081 0.209358181613 0.645795638347 0.032558363542 0.152319142503 0
