15 12000000
AHL-0 0.000000 0.288373 0.968534 0.458173 0.721518 0.276351 0.936903 0.749623 0.968650 0.985273 0.995718 0.513965 0.999847 0.999655 0.999948
AIS-0 0.288373 0.000000 0.966769 0.439725 0.716664 0.204298 0.997634 0.743305 0.969197 0.999530 0.994487 0.494226 0.999896 0.999917 0.999960
AMH_1a-0 0.968534 0.966769 0.000000 0.955031 0.910217 0.970268 0.998615 0.922034 0.079437 0.999941 0.995719 0.957285 0.999953 0.999857 0.999865
BFH-0 0.458173 0.439725 0.955031 0.000000 0.660626 0.444282 0.997348 0.661894 0.953979 0.999597 0.996097 0.564053 0.999786 0.999907 0.999870
BMC_2a-0 0.721518 0.716664 0.910217 0.660626 0.000000 0.714695 0.997878 0.466467 0.907935 0.999868 0.996214 0.622909 0.999920 0.999892 0.999884
BPK-0 0.276351 0.204298 0.970268 0.444282 0.714695 0.000000 0.996471 0.746753 0.969318 0.999471 0.999279 0.471923 0.999919 0.999917 0.999960
CBS432-0 0.936903 0.997634 0.998615 0.997348 0.997878 0.996471 0.000000 0.998312 0.998134 0.154170 0.990496 0.997528 0.989018 0.960846 0.985944
CMF-0 0.749623 0.743305 0.922034 0.661894 0.466467 0.746753 0.998312 0.000000 0.918583 0.999763 0.995945 0.522123 0.999883 0.999835 0.999937
JXXY161-0 0.968650 0.969197 0.079437 0.953979 0.907935 0.969318 0.998134 0.918583 0.000000 0.999930 0.999237 0.955672 0.999974 0.999805 0.999932
N44-0 0.985273 0.999530 0.999941 0.999597 0.999868 0.999471 0.154170 0.999763 0.999930 0.000000 0.992860 0.999483 0.987747 0.951732 0.982253
NCYC3947-0 0.995718 0.994487 0.995719 0.996097 0.996214 0.999279 0.990496 0.995945 0.999237 0.992860 0.000000 0.999719 0.999034 0.999452 0.996046
SGDref-0 0.513965 0.494226 0.957285 0.564053 0.622909 0.471923 0.997528 0.522123 0.955672 0.999483 0.999719 0.000000 0.999925 0.999971 0.999935
UFRJ50816-0 0.999847 0.999896 0.999953 0.999786 0.999920 0.999919 0.989018 0.999883 0.999974 0.987747 0.999034 0.999925 0.000000 0.840550 0.041191
UWOPS919171-0 0.999655 0.999917 0.999857 0.999907 0.999892 0.999917 0.960846 0.999835 0.999805 0.951732 0.999452 0.999971 0.840550 0.000000 0.827143
YPS138-0 0.999948 0.999960 0.999865 0.999870 0.999884 0.999960 0.985944 0.999937 0.999932 0.982253 0.996046 0.999935 0.041191 0.827143 0.000000
