14 1995581
AHL-0 0 0.031547087916 0.098770624995 0.043401640428 0.060566572925 0.029759092225 0.412998439003 0.0583053992 0.098881275203 0.415659058965 0.60334615801 0.435909260494 0.442340219081 0.434729319507
AIS-0 0.031547087916 0 0.085246999125 0.027089976422 0.045583906817 0.012022666475 0.430793191429 0.043158831169 0.085368772377 0.431229486032 0.602572169957 0.44697797469 0.453436444665 0.44587688336
AMH_1a-0 0.098770624995 0.085246999125 0 0.088666633249 0.085946424072 0.083915931372 0.4452168549 0.085676598651 0.019480790091 0.445620664539 0.61647025794 0.462254549442 0.467751647934 0.460935998532
BFH-0 0.043401640428 0.027089976422 0.088666633249 0 0.04852244996 0.026205263753 0.433675922874 0.04594394609 0.088657118011 0.433994341455 0.60502837886 0.450056456035 0.456140132945 0.448803027817
BMC_2a-0 0.060566572925 0.045583906817 0.085946424072 0.04852244996 0 0.044049412425 0.434908283174 0.040358923094 0.085951509392 0.435010056186 0.605556665524 0.450866285925 0.457062900649 0.449785388178
BPK-0 0.029759092225 0.012022666475 0.083915931372 0.026205263753 0.044049412425 0 0.429805224673 0.042901370035 0.083962775609 0.430242036705 0.601503774133 0.445880974214 0.452429678422 0.444803724105
CBS432-0 0.412998439003 0.430793191429 0.4452168549 0.433675922874 0.434908283174 0.429805224673 0 0.432991554684 0.44508019506 0.067650596575 0.63001009103 0.187393906129 0.192143209073 0.185199288785
CMF-0 0.0583053992 0.043158831169 0.085676598651 0.04594394609 0.040358923094 0.042901370035 0.432991554684 0 0.085727143574 0.433248434094 0.604095963076 0.449234571019 0.455466556021 0.448054615461
JXXY161-0 0.098881275203 0.085368772377 0.019480790091 0.088657118011 0.085951509392 0.083962775609 0.44508019506 0.085727143574 0 0.445439587785 0.616340225956 0.462037753479 0.467332144695 0.460742841383
N44-0 0.415659058965 0.431229486032 0.445620664539 0.433994341455 0.435010056186 0.430242036705 0.067650596575 0.433248434094 0.445439587785 0 0.62958321847 0.184692534805 0.189581614248 0.182275400042
NCYC3947-0 0.60334615801 0.602572169957 0.61647025794 0.60502837886 0.605556665524 0.601503774133 0.63001009103 0.604095963076 0.616340225956 0.62958321847 0 0.642829928675 0.648821569998 0.641797131773
UFRJ50816-0 0.435909260494 0.44697797469 0.462254549442 0.450056456035 0.450866285925 0.445880974214 0.187393906129 0.449234571019 0.462037753479 0.184692534805 0.642829928675 0 0.132197135238 0.023313974084
UWOPS919171-0 0.442340219081 0.453436444665 0.467751647934 0.456140132945 0.457062900649 0.452429678422 0.192143209073 0.455466556021 0.467332144695 0.189581614248 0.648821569998 0.132197135238 0 0.129924980011
YPS138-0 0.434729319507 0.44587688336 0.460935998532 0.448803027817 0.449785388178 0.444803724105 0.185199288785 0.448054615461 0.460742841383 0.182275400042 0.641797131773 0.023313974084 0.129924980011 0
