14 2277175
AHL-0 0 0.036334937971 0.103763909562 0.047010039533 0.064801568888 0.038328484585 0.509662601698 0.065906787507 0.104238864176 0.512389719145 0.627465333966 0.536368603526 0.540182410523 0.535336832119
AIS-0 0.036334937971 0 0.086545695093 0.02733335774 0.04572218553 0.01372806834 0.53099619928 0.047127089109 0.087040602209 0.531293062588 0.628142393645 0.549876967802 0.553442488563 0.548870672181
AMH_1a-0 0.103763909562 0.086545695093 0 0.088722960399 0.084122878654 0.088339749636 0.538770001129 0.087438879195 0.012329275298 0.538520592784 0.633185012826 0.557273839411 0.560866377947 0.556105572207
BFH-0 0.047010039533 0.02733335774 0.088722960399 0 0.047383179321 0.03020860179 0.534194998678 0.04836812946 0.089197502781 0.534274654689 0.6301208614 0.552750853247 0.556443151248 0.551753738144
BMC_2a-0 0.064801568888 0.04572218553 0.084122878654 0.047383179321 0 0.047554463763 0.533517845679 0.040515101613 0.084583581169 0.533351048627 0.628834143421 0.551659528376 0.555402428358 0.55071825677
BPK-0 0.038328484585 0.01372806834 0.088339749636 0.03020860179 0.047554463763 0 0.530068380369 0.050269231605 0.088835857154 0.530168166291 0.626944589417 0.548664926268 0.552385307818 0.547529815247
CBS432-0 0.509662601698 0.53099619928 0.538770001129 0.534194998678 0.533517845679 0.530068380369 0 0.532691482941 0.538111278751 0.080905165585 0.607709740315 0.214319654242 0.219426905157 0.212395918108
CMF-0 0.065906787507 0.047127089109 0.087438879195 0.04836812946 0.040515101613 0.050269231605 0.532691482941 0 0.087699570982 0.532612816427 0.628456857033 0.550745412175 0.554477213537 0.549602976813
JXXY161-0 0.104238864176 0.087040602209 0.012329275298 0.089197502781 0.084583581169 0.088835857154 0.538111278751 0.087699570982 0 0.537774901889 0.632817942486 0.556633771914 0.56014098467 0.555368972299
N44-0 0.512389719145 0.531293062588 0.538520592784 0.534274654689 0.533351048627 0.530168166291 0.080905165585 0.532612816427 0.537774901889 0 0.607732376235 0.211063881262 0.21553640317 0.208670724976
NCYC3947-0 0.627465333966 0.628142393645 0.633185012826 0.6301208614 0.628834143421 0.626944589417 0.607709740315 0.628456857033 0.632817942486 0.607732376235 0 0.616900482019 0.620279104116 0.616579411776
UFRJ50816-0 0.536368603526 0.549876967802 0.557273839411 0.552750853247 0.551659528376 0.548664926268 0.214319654242 0.550745412175 0.556633771914 0.211063881262 0.616900482019 0 0.153364558978 0.030118695124
UWOPS919171-0 0.540182410523 0.553442488563 0.560866377947 0.556443151248 0.555402428358 0.552385307818 0.219426905157 0.554477213537 0.56014098467 0.21553640317 0.620279104116 0.153364558978 0 0.151330487429
YPS138-0 0.535336832119 0.548870672181 0.556105572207 0.551753738144 0.55071825677 0.547529815247 0.212395918108 0.549602976813 0.555368972299 0.208670724976 0.616579411776 0.030118695124 0.151330487429 0
