15 12000000
AHL-0 0 0.0635101 0.0871224 0.0789408 0.0657501 0.0567355 0.230649 0.0719121 0.0895151 0.230862 0.437582 0.0681293 0.247573 0.241657 0.236966
AIS-0 0.0635101 0 0.0747173 0.0558766 0.0516792 0.0367835 0.245553 0.0545164 0.0784729 0.245261 0.438354 0.0478484 0.258654 0.254663 0.247617
AMH_1a-0 0.0871224 0.0747173 0 0.0855643 0.0609058 0.0705213 0.245118 0.0719912 0.0436567 0.245785 0.438752 0.0738203 0.259431 0.256533 0.248156
BFH-0 0.0789408 0.0558766 0.0855643 0 0.0648308 0.0575373 0.254099 0.0665818 0.0900904 0.253381 0.442858 0.0640454 0.264575 0.262003 0.256056
BMC_2a-0 0.0657501 0.0516792 0.0609058 0.0648308 0 0.0425386 0.236546 0.0446581 0.0611136 0.233698 0.430471 0.0494025 0.249006 0.245726 0.237151
BPK-0 0.0567355 0.0367835 0.0705213 0.0575373 0.0425386 0 0.239498 0.0508262 0.0655585 0.235222 0.430605 0.0407187 0.251565 0.245796 0.239857
CBS432-0 0.230649 0.245553 0.245118 0.254099 0.236546 0.239498 0 0.243638 0.240442 0.0464289 0.423191 0.24362 0.103825 0.101029 0.0872522
CMF-0 0.0719121 0.0545164 0.0719912 0.0665818 0.0446581 0.0508262 0.243638 0 0.0748424 0.244416 0.436757 0.0538866 0.257905 0.254201 0.24701
JXXY161-0 0.0895151 0.0784729 0.0436567 0.0900904 0.0611136 0.0655585 0.240442 0.0748424 0 0.237057 0.431089 0.0741204 0.251932 0.247859 0.240084
N44-0 0.230862 0.245261 0.245785 0.253381 0.233698 0.235222 0.0464289 0.244416 0.237057 0 0.41924 0.244077 0.0983661 0.0957126 0.0822899
NCYC3947-0 0.437582 0.438354 0.438752 0.442858 0.430471 0.430605 0.423191 0.436757 0.431089 0.41924 0 0.437463 0.428407 0.425462 0.421428
SGDref-0 0.0681293 0.0478484 0.0738203 0.0640454 0.0494025 0.0407187 0.24362 0.0538866 0.0741204 0.244077 0.437463 0 0.255067 0.252343 0.246122
UFRJ50816-0 0.247573 0.258654 0.259431 0.264575 0.249006 0.251565 0.103825 0.257905 0.251932 0.0983661 0.428407 0.255067 0 0.084642 0.0358545
UWOPS919171-0 0.241657 0.254663 0.256533 0.262003 0.245726 0.245796 0.101029 0.254201 0.247859 0.0957126 0.425462 0.252343 0.084642 0 0.0707344
YPS138-0 0.236966 0.247617 0.248156 0.256056 0.237151 0.239857 0.0872522 0.24701 0.240084 0.0822899 0.421428 0.246122 0.0358545 0.0707344 0
