14 12000000
AHL-0 0 0.288373 0.968534 0.458173 0.721518 0.276351 0.936903 0.749623 0.96865 0.985273 0.995718 0.999847 0.999655 0.999948
AIS-0 0.288373 0 0.966769 0.439725 0.716664 0.204298 0.997634 0.743305 0.969197 0.99953 0.994487 0.999896 0.999917 0.99996
AMH_1a-0 0.968534 0.966769 0 0.955031 0.910217 0.970268 0.998615 0.922034 0.079437 0.999941 0.995719 0.999953 0.999857 0.999865
BFH-0 0.458173 0.439725 0.955031 0 0.660626 0.444282 0.997348 0.661894 0.953979 0.999597 0.996097 0.999786 0.999907 0.99987
BMC_2a-0 0.721518 0.716664 0.910217 0.660626 0 0.714695 0.997878 0.466467 0.907935 0.999868 0.996214 0.99992 0.999892 0.999884
BPK-0 0.276351 0.204298 0.970268 0.444282 0.714695 0 0.996471 0.746753 0.969318 0.999471 0.999279 0.999919 0.999917 0.99996
CBS432-0 0.936903 0.997634 0.998615 0.997348 0.997878 0.996471 0 0.998312 0.998134 0.15417 0.990496 0.989018 0.960846 0.985944
CMF-0 0.749623 0.743305 0.922034 0.661894 0.466467 0.746753 0.998312 0 0.918583 0.999763 0.995945 0.999883 0.999835 0.999937
JXXY161-0 0.96865 0.969197 0.079437 0.953979 0.907935 0.969318 0.998134 0.918583 0 0.99993 0.999237 0.999974 0.999805 0.999932
N44-0 0.985273 0.99953 0.999941 0.999597 0.999868 0.999471 0.15417 0.999763 0.99993 0 0.99286 0.987747 0.951732 0.982253
NCYC3947-0 0.995718 0.994487 0.995719 0.996097 0.996214 0.999279 0.990496 0.995945 0.999237 0.99286 0 0.999034 0.999452 0.996046
UFRJ50816-0 0.999847 0.999896 0.999953 0.999786 0.99992 0.999919 0.989018 0.999883 0.999974 0.987747 0.999034 0 0.84055 0.041191
UWOPS919171-0 0.999655 0.999917 0.999857 0.999907 0.999892 0.999917 0.960846 0.999835 0.999805 0.951732 0.999452 0.84055 0 0.827143
YPS138-0 0.999948 0.99996 0.999865 0.99987 0.999884 0.99996 0.985944 0.999937 0.999932 0.982253 0.996046 0.041191 0.827143 0
