14 2097726
AHL-0 0 0.035818889296 0.103910162242 0.045834335857 0.064438948425 0.037802129549 0.518566960352 0.065189674756 0.104244349842 0.521041430083 0.63514338736 0.544761234364 0.548555847525 0.54374205696
AIS-0 0.035818889296 0 0.086593710772 0.026002123884 0.045258768912 0.013272197177 0.540174964654 0.046284288372 0.086940660139 0.540434773787 0.636209413779 0.559123104709 0.562638401828 0.558113297197
AMH_1a-0 0.103910162242 0.086593710772 0 0.088083262234 0.083853791103 0.088413176143 0.546651328724 0.086838368348 0.011255357969 0.546339391552 0.640759107829 0.565238627264 0.568787787109 0.564047781051
BFH-0 0.045834335857 0.026002123884 0.088083262234 0 0.046185532853 0.02887709299 0.542822659474 0.046862558139 0.088422233697 0.542908272269 0.637842806885 0.561451777357 0.565108303753 0.560463336032
BMC_2a-0 0.064438948425 0.045258768912 0.083853791103 0.046185532853 0 0.047081711887 0.542403541137 0.039437057448 0.084165077151 0.542200632802 0.636761459939 0.560588739198 0.564297015009 0.559656863538
BPK-0 0.037802129549 0.013272197177 0.088413176143 0.02887709299 0.047081711887 0 0.539278401901 0.049426997686 0.088783014804 0.539320824496 0.63502060312 0.557923868659 0.561591051114 0.556787663551
CBS432-0 0.518566960352 0.540174964654 0.546651328724 0.542822659474 0.542403541137 0.539278401901 0 0.54128064684 0.545877101971 0.074196906324 0.607681431066 0.202537861695 0.20726858672 0.200605439472
CMF-0 0.065189674756 0.046284288372 0.086838368348 0.046862558139 0.039437057448 0.049426997686 0.54128064684 0 0.086978784347 0.541161822342 0.636316125876 0.559412934423 0.563132574699 0.558277698883
JXXY161-0 0.104244349842 0.086940660139 0.011255357969 0.088422233697 0.084165077151 0.088783014804 0.545877101971 0.086978784347 0 0.545493551887 0.640310267969 0.564474297227 0.56795128012 0.563166758285
N44-0 0.521041430083 0.540434773787 0.546339391552 0.542908272269 0.542200632802 0.539320824496 0.074196906324 0.541161822342 0.545493551887 0 0.607723812156 0.19933442617 0.203451745797 0.196889947884
NCYC3947-0 0.63514338736 0.636209413779 0.640759107829 0.637842806885 0.636761459939 0.63502060312 0.607681431066 0.636316125876 0.640310267969 0.607723812156 0 0.616612162964 0.619796163506 0.616413495158
UFRJ50816-0 0.544761234364 0.559123104709 0.565238627264 0.561451777357 0.560588739198 0.557923868659 0.202537861695 0.559412934423 0.564474297227 0.19933442617 0.616612162964 0 0.143130231179 0.027726624784
UWOPS919171-0 0.548555847525 0.562638401828 0.568787787109 0.565108303753 0.564297015009 0.561591051114 0.20726858672 0.563132574699 0.56795128012 0.203451745797 0.619796163506 0.143130231179 0 0.141091713434
YPS138-0 0.54374205696 0.558113297197 0.564047781051 0.560463336032 0.559656863538 0.556787663551 0.200605439472 0.558277698883 0.563166758285 0.196889947884 0.616413495158 0.027726624784 0.141091713434 0
